25
25
0  0  0  0  0  0  0  0  0  0  0  0  0  0  0  0  0  0  0  0  0  0  0  0  0
0  6  5  7  5  5    5  7  5  5  5   7   5  5   5  7   5  5  3  0  0  0  0  0  0
0 10  0  10  0  0  0  10  0  0   0  10  0  0   0  10  0  0 10  0  0  0  0  0  0
0 10  0  10  0  2  0  10  0  2   0  10  0  2   0  10  0  0 10  0  0  0  0  0  0
0 10  0  10  0 10  0  10  0  10  0  10  0  10  0  10  0  0 10  0  0  0  0  0  0
0 10  0  10  0 10  0  10  0  10  0  10  0  10  0  10  0  0 10  0  0  0  0  0  0
0 10  0  10  0 10  0  10  0  10  0  10  0  10  0  10  0  0 10  0  0  0  0  0  0
0 10  0  10  0 10  0  10  0  10  0  10  0  10  0  10  0  0 10  0  0  0  0  0  0
0 10  0  10  0 10  0  10  0  10  0  10  0  10  0  10  0  0 10  0  0  0  0  0  0
0 10  0  10  0 10  0  10  0  10  0  10  0  10  0  10  0  0 10  0  0  0  0  0  0
0 10  0  8  0  10  0  8   0  10  0  8   0  10  0  8   0  0 10  0  0  0  0  0  0
0 10  0  0  0  10  0  0   0  10  0  0   0  10  0  0   0  0 10  0  0  0  0  0  0
0 12  5  5  5  13  5  5   5  13  5  5   5  13  5  5   5  5  9  0  0  0  0  0  0
0  0  0  0  0  0  0  0  0  0  0  0  0  0  0  0  0  0  0  0  0  0  0  0  0
0  0  0  0  0  0  0  0  0  0  0  0  0  0  0  0  0  0  0  0  0  0  0  0  0
0  0  0  0  0  0  0  0  0  0  0  0  0  0  0  0  0  0  0  0  0  0  0  0  0
0  0  0  0  0  0  0  0  0  0  0  0  0  0  0  0  0  0  0  0  0  0  0  0  0
0  0  0  0  0  0  0  0  0  0  0  0  0  0  0  0  0  0  0  0  0  0  0  0  0
0  0  0  0  0  0  0  0  0  0  0  0  0  0  0  0  0  0  0  0  0  0  0  0  0
0  0  0  0  0  0  0  0  0  0  0  0  0  0  0  0  0  0  0  0  0  0  0  0  0
0  0  0  0  0  0  0  0  0  0  0  0  0  0  0  0  0  0  0  0  0  0  0  0  0
0  0  0  0  0  0  0  0  0  0  0  0  0  0  0  0  0  0  0  0  0  0  0  0  0
0  0  0  0  0  0  0  0  0  0  0  0  0  0  0  0  0  0  0  0  0  0  0  0  0
0  0  0  0  0  0  0  0  0  0  0  0  0  0  0  0  0  0  0  0  0  0  0  0  0
0  0  0  0  0  0  0  0  0  0  0  0  0  0  0  0  0  0  0  0  0  0  0  0  0
0  0  0  0  0  0  0  0  0  0  0  0  0  0  0  0  0  0  0  0  0  0  0  0  0
0  0  0  0  0  0  0  0  0  0  0  0  0  0  0  0  0  0  0  0  0  0  0  0  0
0  0  0  0  0  0  0  0  0  0  0  0  0  0  0  0  0  0  0  0  0  0  0  0  0
0  0  0  0  0  0  0  0  0  0  0  0  0  0  0  0  0  0  0  0  0  0  0  0  0
0  0  0  0  0  0  0  0  0  0  0  0  0  0  0  0  0  0  0  0  0  0  0  0  0
0  0  0  0  0  0  0  0  0  0  0  0  0  0  0  0  0  0  0  0  0  0  0  0  0