25
25
0  0  0  0  0  0  0  0  0  0  0  0  0  0  0  0  0  0  0  0  0  0  0  0  0
0  6  5  5  5  5  5  5  5  5  5  5  7  5  5  5  5  5  3  0  0  0  0  0  0
0 10  0  0  0  0  0  0  0  0  0  0 10  0  0  0  0  0 10  0  0  0  0  0  0
0 10  0  2  0  6  5  5  5  5  1  0  8  0  2  0  2  0 10  0  0  0  0  0  0
0 10  0 10  0 10  0  0  0  0  0  0  0  0 10  0 10  0 10  0  0  0  0  0  0
0 10  0 10  0  8  0  4  5  5  5  5  1  0 10  0 10  0 10  0  0  0  0  0  0
0 10  0 10  0  0  0  0  0  0  0  0  0  0 10  0 10  0 10  0  0  0  0  0  0
0 10  0 10  0  0  0  0  0  0  0  0  0  0 10  0 10  0 10  0  0  0  0  0  0
0 10  0 10  0  6  5  5  5  5  5  5  5  5  9  0 10  0 10  0  0  0  0  0  0
0 10  0 10  0 10  0  0  0  0  0  0  0  0  0  0 10  0 10  0  0  0  0  0  0
0 10  0 12  5 13  5  5  5  5  1  0  4  5  5  5  9  0 10  0  0  0  0  0  0
0 10  0  0  0  0  0  0  0  0  0  0  0  0  0  0  0  0 10  0  0  0  0  0  0
0 12  5  5  5  5  5  5  5  5  5  5  5  5  5  5  5  5  9  0  0  0  0  0  0
0  0  0  0  0  0  0  0  0  0  0  0  0  0  0  0  0  0  0  0  0  0  0  0  0
0  0  0  0  0  0  0  0  0  0  0  0  0  0  0  0  0  0  0  0  0  0  0  0  0
0  0  0  0  0  0  0  0  0  0  0  0  0  0  0  0  0  0  0  0  0  0  0  0  0
0  0  0  0  0  0  0  0  0  0  0  0  0  0  0  0  0  0  0  0  0  0  0  0  0
0  0  0  0  0  0  0  0  0  0  0  0  0  0  0  0  0  0  0  0  0  0  0  0  0
0  0  0  0  0  0  0  0  0  0  0  0  0  0  0  0  0  0  0  0  0  0  0  0  0
0  0  0  0  0  0  0  0  0  0  0  0  0  0  0  0  0  0  0  0  0  0  0  0  0
0  0  0  0  0  0  0  0  0  0  0  0  0  0  0  0  0  0  0  0  0  0  0  0  0
0  0  0  0  0  0  0  0  0  0  0  0  0  0  0  0  0  0  0  0  0  0  0  0  0
0  0  0  0  0  0  0  0  0  0  0  0  0  0  0  0  0  0  0  0  0  0  0  0  0
0  0  0  0  0  0  0  0  0  0  0  0  0  0  0  0  0  0  0  0  0  0  0  0  0
0  0  0  0  0  0  0  0  0  0  0  0  0  0  0  0  0  0  0  0  0  0  0  0  0
0  0  0  0  0  0  0  0  0  0  0  0  0  0  0  0  0  0  0  0  0  0  0  0  0
0  0  0  0  0  0  0  0  0  0  0  0  0  0  0  0  0  0  0  0  0  0  0  0  0
0  0  0  0  0  0  0  0  0  0  0  0  0  0  0  0  0  0  0  0  0  0  0  0  0
0  0  0  0  0  0  0  0  0  0  0  0  0  0  0  0  0  0  0  0  0  0  0  0  0
0  0  0  0  0  0  0  0  0  0  0  0  0  0  0  0  0  0  0  0  0  0  0  0  0
0  0  0  0  0  0  0  0  0  0  0  0  0  0  0  0  0  0  0  0  0  0  0  0  0