25
25
0  0  0  0  0  0  0  0  0  0  0  0  0  0  0  0  0  0  0  0  0  0  0  0  0
0  6  5  5  5  5  7  5  5  5  5  5  5  5  5  5  7  5  3  0  0  0  0  0  0
0 10  0  0  0  0 10  0  0  0  0  0  0  0  0  0 10  0 10  0  0  0  0  0  0
0 10  0 16  0  0  8  0  0  0  0  0  6  5  5  5  9  0 10  0  0  0  0  0  0
0 10  0  0  0  0  0  0  0  0  0  0  8  0  0  0  0  0 10  0  0  0  0  0  0
0 10  0  6  5  5  3  0  0  0  0  0  0  0  0  0  2  0 10  0  0  0  0  0  0
0 10  0 10  0  0 10  0  4  5  5  5  7  5  1  0 10  0 10  0  0  0  0  0  0
0 10  0 10  0  0 10  0  0  0  0  0 10  0  0  0 10  0 10  0  0  0  0  0  0
0 14  5 11  0  0 12  5  5  5  1  0  8  0  0  0 10  0 10  0  0  0  0  0  0
0 10  0 10  0  0  0  0  0  0  0  0  0  0  0  0 10  0 10  0  0  0  0  0  0
0 10  0  8  0  0  4  5  5  5  5  5  5  5  5  5  9  0 10  0  0  0  0  0  0
0 10  0  0  0  0  0  0  0  0  0  0  0  0  0  0  0  0 10  0  0  0  0  0  0
0 12  5  5  5  5  5  5  5  5  5  5  5  5  5  5  5  5  9  0  0  0  0  0  0
0  0  0  0  0  0  0  0  0  0  0  0  0  0  0  0  0  0  0  0  0  0  0  0  0
0  0  0  0  0  0  0  0  0  0  0  0  0  0  0  0  0  0  0  0  0  0  0  0  0
0  0  0  0  0  0  0  0  0  0  0  0  0  0  0  0  0  0  0  0  0  0  0  0  0
0  0  0  0  0  0  0  0  0  0  0  0  0  0  0  0  0  0  0  0  0  0  0  0  0
0  0  0  0  0  0  0  0  0  0  0  0  0  0  0  0  0  0  0  0  0  0  0  0  0
0  0  0  0  0  0  0  0  0  0  0  0  0  0  0  0  0  0  0  0  0  0  0  0  0
0  0  0  0  0  0  0  0  0  0  0  0  0  0  0  0  0  0  0  0  0  0  0  0  0
0  0  0  0  0  0  0  0  0  0  0  0  0  0  0  0  0  0  0  0  0  0  0  0  0
0  0  0  0  0  0  0  0  0  0  0  0  0  0  0  0  0  0  0  0  0  0  0  0  0
0  0  0  0  0  0  0  0  0  0  0  0  0  0  0  0  0  0  0  0  0  0  0  0  0
0  0  0  0  0  0  0  0  0  0  0  0  0  0  0  0  0  0  0  0  0  0  0  0  0
0  0  0  0  0  0  0  0  0  0  0  0  0  0  0  0  0  0  0  0  0  0  0  0  0
0  0  0  0  0  0  0  0  0  0  0  0  0  0  0  0  0  0  0  0  0  0  0  0  0
0  0  0  0  0  0  0  0  0  0  0  0  0  0  0  0  0  0  0  0  0  0  0  0  0
0  0  0  0  0  0  0  0  0  0  0  0  0  0  0  0  0  0  0  0  0  0  0  0  0
0  0  0  0  0  0  0  0  0  0  0  0  0  0  0  0  0  0  0  0  0  0  0  0  0
0  0  0  0  0  0  0  0  0  0  0  0  0  0  0  0  0  0  0  0  0  0  0  0  0
0  0  0  0  0  0  0  0  0  0  0  0  0  0  0  0  0  0  0  0  0  0  0  0  0